,CustomerID,Age,Annual Income,Spending Score (1-100),Scale Annual Income
0,1,19,15000,39,15.0
1,2,21,15000,81,15.0
2,3,20,16000,6,16.0
3,4,23,16000,77,16.0
4,5,31,17000,40,17.0
5,6,22,17000,76,17.0
6,7,35,18000,6,18.0
7,8,23,18000,94,18.0
8,9,64,19000,3,19.0
9,10,30,19000,72,19.0
10,11,67,19000,14,19.0
11,12,35,19000,99,19.0
12,13,58,20000,15,20.0
13,14,24,20000,77,20.0
14,15,37,20000,13,20.0
15,16,22,20000,79,20.0
16,17,35,21000,35,21.0
17,18,20,21000,66,21.0
18,19,52,23000,29,23.0
19,20,35,23000,98,23.0
20,21,35,24000,35,24.0
21,22,25,24000,73,24.0
22,23,46,25000,5,25.0
23,24,31,25000,73,25.0
24,25,54,28000,14,28.0
25,26,29,28000,82,28.0
26,27,45,28000,32,28.0
27,28,35,28000,61,28.0
28,29,40,29000,31,29.0
29,30,23,29000,87,29.0
30,31,60,30000,4,30.0
31,32,21,30000,73,30.0
32,33,53,33000,4,33.0
33,34,18,33000,92,33.0
34,35,49,33000,14,33.0
35,36,21,33000,81,33.0
36,37,42,34000,17,34.0
37,38,30,34000,73,34.0
38,39,36,37000,26,37.0
39,40,20,37000,75,37.0
40,41,65,38000,35,38.0
41,42,24,38000,92,38.0
42,43,48,39000,36,39.0
43,44,31,39000,61,39.0
44,45,49,39000,28,39.0
45,46,24,39000,65,39.0
46,47,50,40000,55,40.0
47,48,27,40000,47,40.0
48,49,29,40000,42,40.0
49,50,31,40000,42,40.0
50,51,49,42000,52,42.0
51,52,33,42000,60,42.0
52,53,31,43000,54,43.0
53,54,59,43000,60,43.0
54,55,50,43000,45,43.0
55,56,47,43000,41,43.0
56,57,51,44000,50,44.0
57,58,69,44000,46,44.0
58,59,27,46000,51,46.0
59,60,53,46000,46,46.0
60,61,70,46000,56,46.0
61,62,19,46000,55,46.0
62,63,67,47000,52,47.0
63,64,54,47000,59,47.0
64,65,63,48000,51,48.0
65,66,18,48000,59,48.0
66,67,43,48000,50,48.0
67,68,68,48000,48,48.0
68,69,19,48000,59,48.0
69,70,32,48000,47,48.0
70,71,70,49000,55,49.0
71,72,47,49000,42,49.0
72,73,60,50000,49,50.0
73,74,60,50000,56,50.0
74,75,59,54000,47,54.0
75,76,26,54000,54,54.0
76,77,45,54000,53,54.0
77,78,40,54000,48,54.0
78,79,23,54000,52,54.0
79,80,49,54000,42,54.0
80,81,57,54000,51,54.0
81,82,38,54000,55,54.0
82,83,67,54000,41,54.0
83,84,46,54000,44,54.0
84,85,21,54000,57,54.0
85,86,48,54000,46,54.0
86,87,55,57000,58,57.0
87,88,22,57000,55,57.0
88,89,34,58000,60,58.0
89,90,50,58000,46,58.0
90,91,68,59000,55,59.0
91,92,18,59000,41,59.0
92,93,48,60000,49,60.0
93,94,40,60000,40,60.0
94,95,32,60000,42,60.0
95,96,24,60000,52,60.0
96,97,47,60000,47,60.0
97,98,27,60000,50,60.0
98,99,48,61000,42,61.0
99,100,20,61000,49,61.0
100,101,23,62000,41,62.0
101,102,49,62000,48,62.0
102,103,67,62000,59,62.0
103,104,26,62000,55,62.0
104,105,49,62000,56,62.0
105,106,21,62000,42,62.0
106,107,66,63000,50,63.0
107,108,54,63000,46,63.0
108,109,68,63000,43,63.0
109,110,66,63000,48,63.0
110,111,65,63000,52,63.0
111,112,19,63000,54,63.0
112,113,38,64000,42,64.0
113,114,19,64000,46,64.0
114,115,18,65000,48,65.0
115,116,19,65000,50,65.0
116,117,63,65000,43,65.0
117,118,49,65000,59,65.0
118,119,51,67000,43,67.0
119,120,50,67000,57,67.0
120,121,27,67000,56,67.0
121,122,38,67000,40,67.0
122,123,40,69000,58,69.0
123,124,39,69000,91,69.0
124,125,23,70000,29,70.0
125,126,31,70000,77,70.0
126,127,43,71000,35,71.0
127,128,40,71000,95,71.0
128,129,59,71000,11,71.0
129,130,38,71000,75,71.0
130,131,47,71000,9,71.0
131,132,39,71000,75,71.0
132,133,25,72000,34,72.0
133,134,31,72000,71,72.0
134,135,20,73000,5,73.0
135,136,29,73000,88,73.0
136,137,44,73000,7,73.0
137,138,32,73000,73,73.0
138,139,19,74000,10,74.0
139,140,35,74000,72,74.0
140,141,57,75000,5,75.0
141,142,32,75000,93,75.0
142,143,28,76000,40,76.0
143,144,32,76000,87,76.0
144,145,25,77000,12,77.0
145,146,28,77000,97,77.0
146,147,48,77000,36,77.0
147,148,32,77000,74,77.0
148,149,34,78000,22,78.0
149,150,34,78000,90,78.0
150,151,43,78000,17,78.0
151,152,39,78000,88,78.0
152,153,44,78000,20,78.0
153,154,38,78000,76,78.0
154,155,47,78000,16,78.0
155,156,27,78000,89,78.0
156,157,37,78000,1,78.0
157,158,30,78000,78,78.0
158,159,34,78000,1,78.0
159,160,30,78000,73,78.0
160,161,56,79000,35,79.0
161,162,29,79000,83,79.0
162,163,19,81000,5,81.0
163,164,31,81000,93,81.0
164,165,50,85000,26,85.0
165,166,36,85000,75,85.0
166,167,42,86000,20,86.0
167,168,33,86000,95,86.0
168,169,36,87000,27,87.0
169,170,32,87000,63,87.0
170,171,40,87000,13,87.0
171,172,28,87000,75,87.0
172,173,36,87000,10,87.0
173,174,36,87000,92,87.0
174,175,52,88000,13,88.0
175,176,30,88000,86,88.0
176,177,58,88000,15,88.0
177,178,27,88000,69,88.0
178,179,59,93000,14,93.0
179,180,35,93000,90,93.0
180,181,37,97000,32,97.0
181,182,32,97000,86,97.0
182,183,46,98000,15,98.0
183,184,29,98000,88,98.0
184,185,41,99000,39,99.0
185,186,30,99000,97,99.0
186,187,54,101000,24,101.0
187,188,28,101000,68,101.0
188,189,41,103000,17,103.0
189,190,36,103000,85,103.0
190,191,34,103000,23,103.0
191,192,32,103000,69,103.0
192,193,33,113000,8,113.0
193,194,38,113000,91,113.0
194,195,47,120000,16,120.0
195,196,35,120000,79,120.0
196,197,45,126000,28,126.0
197,198,32,126000,74,126.0
198,199,32,137000,18,137.0
199,200,30,137000,83,137.0
